1	1
2	1
3	1
4	1
5	1
6	1
7	1
8	1
9	1
10	1
11	1
12	1
13	1
14	1
15	1
16	1
17	1
18	1
19	1
20	1
21	1
22	1
23	0.999999
43	1
44	1
45	1
46	1
47	1
48	1
49	1
50	1
51	0.999999
52	1
53	1
54	1
55	1
56	1
57	1
58	1
59	1
60	1
61	1
62	1
63	1
64	1
65	1
66	1
67	1
68	1
69	1
70	1
71	1
72	1
73	1
93	1
94	1
95	1
96	1
97	1
98	1
99	1
100	1
101	1
111	1
112	1
113	1
114	1
115	1
116	1
117	1
118	1
119	1
120	1
121	1
122	1
123	1
124	1
143	1
144	1
145	1
146	1
147	1
148	1
149	1
150	1
151	1
161	1
162	1
163	1
164	1
165	1
166	1
167	1
168	1
169	1
170	1
171	1
172	1
173	1
174	1
197	1
198	1
213	1
214	1
215	1
216	1
217	1
218	1
219	1
220	1
221	1
222	1
223	1
224	1
247	1
248	1
266	1
267	1.00001
268	1
269	1
270	1
271	1
272	1
273	1
274	1
297	1
298	1
318	1
319	1
320	1
321	1
322	1
323	1
324	1
325	1
326	1
370	1
371	1
372	1
373	1
374	1
375	1
376	1
388	1
389	1
390	1
391	1
392	1
393	1
394	1
421	1
422	1
423	1
424	1
425	1
426	1
427	1
438	1
439	1
440	1
441	1
442	1
443	1
444	1
450	1
476	0.999999
477	1
488	1
489	1
490	1
491	1
492	1
493	1
494	1
495	1
500	1
526	1
527	1
538	1
539	1
540	1
541	1
542	1
543	1
544	1
545	1
546	1
550	1
588	1
589	1
590	1
591	1
592	1
593	1
594	1
595	1
596	1
597	1
598	1
599	1
600	1
638	1
639	1
640	1
641	1
642	1
643	1
644	1
645	1
646	1
647	1
648	1
649	1
650	1
688	1
689	1
690	1
691	1
692	1
693	1
694	1
695	1
696	1
697	1
698	1
699	1
700	1
738	1
739	0.999999
740	0.999999
741	1
742	1
743	1
744	1
745	1
776	0.999998
777	1
778	0.999999
779	0.999999
780	0.999998
781	0.999998
788	1
789	1
790	0.999999
791	0.999999
792	1
793	1
794	1
795	1
822	0.999999
823	1
824	0.999999
825	0.999999
826	0.999999
827	0.999999
828	1
829	1
830	1
831	1
832	1
833	1
834	1
835	1
836	1
837	1
838	1
839	1
840	0.999999
841	1
842	1
843	1
871	0.999999
872	0.999999
873	0.999998
874	0.999999
875	1
876	0.999999
877	1
878	1
879	1
880	1
881	1
882	1
883	1
884	1
885	1
886	1
887	1
888	1
889	1
890	1
891	1
892	1
893	1
921	1
922	1
923	0.999999
924	1
925	1
926	1
927	1
928	1
929	1
930	1
931	1
932	1
933	1
934	1
935	1
936	1
937	1
938	0.999999
939	0.999999
940	0.999999
941	1
942	1
943	1
965	0.999999
966	0.999999
967	0.999999
968	0.999999
969	1
970	1
971	1
972	1
973	1
974	1
975	1
976	1
977	1
978	1
979	1
980	1
981	1
982	1
983	1
984	1
985	1
986	0.999999
987	0.999999
988	0.999999
1015	1
1016	0.999999
1017	0.999999
1018	1
1019	1
1020	1
1021	1
1022	1
1023	1
1024	1
1025	1
1026	1
1027	1
1028	1
1029	1
1030	1
1031	1
1032	1
1033	1
1034	1
1035	1
1036	0.999999
1037	0.999999
1038	0.999999
1062	1.00001
1063	1.00001
1064	1
1065	1
1066	0.999999
1067	1
1068	1
1069	1
1070	1
1071	1
1072	1
1073	1
1074	1
1075	1
1076	1
1077	1
1078	1
1079	1
1080	1
1081	1
1082	1
1083	1
1084	1
1085	1
1086	1
1087	0.999999
1088	0.999999
1111	1.00006
1112	1.00002
1113	1.00001
1114	1.00001
1115	1
1116	1
1117	0.999999
1118	1
1119	1
1120	1
1121	1
1122	1
1123	1
1124	1
1125	1
1126	1
1127	1
1128	1
1129	1
1130	1
1131	1
1132	1
1133	1
1134	1
1135	1
1136	1
1161	1.00006
1162	1.00003
1163	1.00002
1164	1.00001
1165	1.00001
1169	1
1170	1
1171	1
1172	1
1173	1
1174	1
1175	1
1176	1
1177	1
1178	1
1179	1
1180	1
1181	1
1182	1
1183	1
1184	1
1185	1
1186	1
1211	1.00006
1212	1.00004
1213	1.00003
1214	1.00002
1215	1.00002
1220	1
1221	1
1222	1
1223	1
1224	1
1225	1
1226	1
1227	1
1228	1
1229	1
1230	1
1231	1
1232	1
1233	1
1234	1
1235	1
1236	1
1260	1.00007
1261	1.00007
1262	1.00006
1263	1.00005
1264	1.00005
1265	1.00005
1273	1
1274	1
1275	1
1276	1
1277	1
1278	1
1279	1
1280	1
1281	1
1282	1
1283	1
1284	1
1285	1
1286	1
1287	1
1288	1
1289	0.999998
1309	1.00008
1310	1.00007
1311	1.00007
1312	1.00006
1313	1.00006
1314	1.00006
1315	1.00006
1323	1
1324	1
1325	1
1326	1
1327	1
1328	1
1329	1
1330	1
1331	1
1332	0.999999
1333	1
1334	1
1335	1
1336	1
1337	1
1338	1
1339	0.999998
1358	1.00007
1359	1.00007
1360	1.00007
1361	1.00007
1362	1.00007
1363	1.00006
1364	1.00006
1365	1.00006
1372	0.999999
1373	1
1374	1
1375	1
1376	1
1377	1
1378	1
1379	1
1380	1
1381	1
1382	0.999999
1383	0.999999
1384	0.999999
1385	1
1386	1
1387	1
1388	1
1389	1
1408	1.00007
1409	1.00007
1410	1.00007
1411	1.00007
1412	1.00006
1413	1.00006
1414	1.00005
1415	1.00005
1419	0.999998
1420	0.999999
1421	1
1422	1
1423	1
1424	1
1425	1
1426	1
1427	1
1428	1
1429	1
1430	1
1431	1
1432	0.999999
1433	0.999999
1434	1
1435	1
1436	1
1437	1
1438	1
1439	1
1458	1.00007
1459	1.00007
1460	1.00007
1461	1.00006
1462	1.00006
1463	1.00005
1464	1.00003
1465	1.00002
1466	1.00001
1467	1
1468	1
1469	0.999999
1470	1
1471	1
1472	1
1473	1
1474	1
1475	0.999999
1476	1
1477	1
1478	1
1479	1
1480	1
1481	1
1482	0.999999
1483	0.999999
1484	1
1485	1
1486	1
1487	1
1488	1
1489	1
1509	1.00007
1510	1.00006
1511	1.00005
1512	1.00005
1513	1.00004
1514	1.00002
1515	1.00002
1516	1.00001
1517	1
1518	1
1519	1
1520	1
1521	1
1522	1
1523	1
1524	0.999999
1525	1
1526	0.999999
1527	1
1528	1
1529	1
1530	1
1531	1
1532	1
1533	1
1534	1
1535	1
1536	1
1537	1
1538	1
1539	1
1559	1.00005
1560	1.00005
1561	1.00005
1562	1.00005
1563	1.00004
1564	1.00002
1565	1.00001
1566	1.00001
1567	1
1568	1
1569	1
1570	1
1571	1
1572	1
1573	1
1574	1
1575	0.999999
1576	1
1577	1
1578	1
1579	1
1580	1
1581	1
1582	0.999999
1583	1
1584	1
1585	1
1586	1
1609	1.00003
1610	1.00003
1611	1.00004
1612	1.00003
1613	1.00002
1614	1.00001
1615	1.00001
1616	1
1617	1
1618	1
1619	1
1620	1
1621	1
1622	0.999999
1623	0.999999
1624	0.999998
1625	0.999999
1626	0.999999
1627	1
1628	1
1629	1
1630	1
1631	1
1632	0.999999
1633	1
1634	1
1635	1
1658	1.00001
1659	1.00001
1660	1.00001
1661	1.00002
1662	1.00001
1663	1.00001
1664	1
1665	1
1666	1
1667	1
1668	1
1669	1
1670	0.999999
1671	0.999999
1672	1
1673	0.999999
1674	1
1675	0.999999
1676	1
1677	1
1678	1
1679	1
1680	1
1681	0.999999
1682	1
1683	1
1684	1
1685	1
1708	1
1709	1.00001
1710	1.00001
1711	1.00001
1712	1.00001
1713	1.00001
1714	1
1715	1
1716	1
1717	1
1718	0.999999
1719	0.999999
1720	0.999999
1721	1
1722	0.999999
1723	1
1724	1
1725	1
1726	0.999999
1727	1
1728	1
1729	0.999999
1730	0.999999
1731	0.999997
1757	1
1758	1
1759	1
1760	1
1761	1.00001
1762	1.00001
1763	1
1764	1
1765	1
1766	1
1767	1
1768	0.999999
1769	0.999999
1770	1
1771	1
1772	1
1773	1
1774	1
1775	1
1776	0.999999
1777	0.999999
1778	0.999999
1779	0.999998
1780	0.999998
1807	1
1808	1
1809	1
1810	1
1811	1
1812	1
1813	1
1814	1
1815	1
1816	1
1817	1
1818	0.999998
1819	1
1820	1
1821	1
1822	0.999999
1823	0.999999
1824	1
1825	0.999999
1826	0.999998
1827	0.999998
1828	0.999997
1829	0.999996
1857	0.999999
1858	0.999999
1859	0.999998
1860	0.999997
1861	0.999998
1862	0.999999
1863	1
1864	1
1865	1
1866	1
1867	1
1868	1
1869	1
1870	1
1871	1
1872	1
1873	1
1874	0.999999
1875	0.999999
1876	0.999999
1877	0.999999
1878	0.999997
1893	1
1894	1
1895	1
1896	1
1897	1
1907	0.999999
1908	0.999998
1909	0.999996
1910	0.999997
1911	0.999998
1912	0.999999
1913	1
1914	0.999999
1915	1
1916	1
1917	1
1918	1
1919	1
1920	1
1921	1
1922	1
1923	1
1924	1
1925	1
1926	0.999999
1927	0.999997
1928	0.999996
1942	1
1943	1
1944	1
1945	1
1946	1
1947	1
1957	1
1958	0.999999
1959	0.999997
1960	0.999998
1961	0.999999
1962	1
1963	1
1964	1
1965	1
1966	1
1967	1
1968	1
1969	1
1970	1
1971	1
1972	1
1973	1
1974	1
1975	1
1976	1
1977	0.999998
1978	0.999998
1988	1
1989	1
1990	1
1991	1
1992	1
1993	1
1994	1
1995	1
1996	1
1997	1
1998	1
1999	1
2008	1
2009	0.999999
2010	0.999998
2011	1
2012	1
2013	1
2014	0.999999
2015	1
2016	1
2017	1
2018	0.999999
2019	1
2020	1
2021	1
2022	1
2023	1
2024	1
2025	1
2026	0.999999
2027	0.999999
2028	0.999998
2029	1
2030	1
2038	1
2039	1
2040	1
2041	1
2042	1
2043	1
2044	1
2045	1
2046	1
2047	1
2048	1
2049	1
2059	1
2060	1
2061	1
2062	1
2063	1
2064	0.999999
2065	0.999999
2066	0.999999
2067	0.999998
2068	0.999998
2069	0.999998
2070	0.999999
2071	0.999999
2072	0.999999
2073	0.999998
2074	0.999999
2075	0.999999
2076	0.999998
2077	0.999998
2078	1
2079	1
2080	1.00001
2087	1
2088	1
2089	1
2090	1
2091	1
2092	1
2093	1
2094	1
2095	1
2096	1
2097	1
2098	1
2099	1
2100	1
2109	1
2110	1
2111	1
2112	1
2113	1
2114	0.999999
2115	0.999998
2116	0.999998
2117	0.999997
2118	0.999997
2119	0.999998
2120	0.999997
2121	0.999998
2122	0.999997
2123	0.999998
2124	1
2125	1
2126	0.999999
2127	0.999999
2128	1
2129	1
2137	1
2138	1
2139	1
2140	1
2141	1
2142	0.999999
2143	1
2144	1
2145	1
2146	1
2147	1
2148	1
2149	1
2150	1
2161	1
2162	1
2163	1
2164	1
2165	0.999999
2166	0.999998
2167	0.999997
2168	0.999998
2169	0.999998
2170	0.999999
2171	1
2172	1
2173	1
2174	1
2175	1
2176	1
2177	1
2178	1
2179	1
2188	1
2189	1
2190	1
2191	1
2192	1
2193	1
2194	1
2195	1
2196	1
2197	1
2198	1
2199	1
2200	1
2213	1
2214	1
2215	1
2216	1
2217	0.999999
2218	0.999999
2219	0.999999
2220	0.999999
2221	1
2222	1
2223	1
2224	1
2225	1
2226	1
2227	1
2228	1
2229	1
2238	1
2239	1
2240	1
2241	1
2242	1
2243	1
2244	1
2245	1
2246	1
2247	1
2248	1
2249	1
2250	1
2263	1
2264	1
2265	1
2266	1
2267	1
2268	1
2269	1
2270	1
2271	0.999999
2272	1
2273	1
2274	1
2275	1
2276	1
2277	1
2278	1
2279	1
2288	1
2289	1
2290	1
2291	1
2292	1
2293	1
2294	1
2295	1
2296	1
2297	1
2298	1
2299	1
2300	1
2313	1
2314	1
2315	1
2316	1
2317	1
2318	1
2319	1
2320	1
2321	1
2322	1
2323	1
2324	1
2325	1
2326	1
2327	1
2328	1
2329	1
2330	1
2337	1
2338	1
2339	1
2340	1
2341	1
2342	1
2343	1
2344	1
2345	1
2346	1
2347	1
2348	1
2349	1
2350	1
2363	1
2364	1
2365	1
2366	1
2367	1
2368	1
2369	1
2370	1
2371	1
2372	1
2373	0.999999
2374	1
2375	1
2376	1
2377	1
2378	1
2379	1
2380	1
2381	1
2384	1
2385	1
2386	1
2387	1
2388	1
2389	1
2390	1
2391	1
2392	1
2393	1
2394	1
2395	1
2396	1
2397	1
2398	1
2399	1
2400	1
2413	0.999999
2414	0.999999
2415	1
2416	1
2417	1
2418	1
2419	1
2420	1
2421	1
2422	1
2423	1
2424	1
2425	1
2426	1
2427	1
2428	1
2429	1
2430	1
2431	0.999999
2432	0.999999
2433	0.999999
2434	1
2435	1
2436	1
2437	0.999999
2438	0.999999
2439	1
2440	1
2441	1
2442	1
2443	1
2444	1
2445	1
2446	1
2447	1
2448	1
2449	1
2450	1
2463	0.999997
2464	0.999998
2465	0.999999
2466	1
2467	1
2468	1
2469	1
2470	1
2471	1
2472	1
2473	1
2474	1
2475	1
2476	1
2477	1
2478	1
2479	1
2480	1
2481	0.999999
2482	0.999999
2483	0.999999
2484	1
2485	1
2486	1
2487	0.999999
2488	1
2489	1
2490	1
2491	1
2492	1
2493	1
2494	1
2495	1
2496	1
2497	1
2498	1
2499	1
2500	1
2523	1
2542	1
2572	1
2591	1
2599	1
2608	1
2622	1
2640	1
2648	1
2657	1
2671	1
2693	1
2695	1
2708	1
2720	1
2742	1
2744	1
2760	1
2769	1
2791	1
2793	1
2811	1
2820	1
2862	1
2869	1
2880	1
2887	1
2912	1
2919	1
2929	1
2936	1
2941	1
2966	1
2968	1
2978	1
2986	1
2990	1
3015	1
3017	1
3027	1
3036	1
3039	1
3076	1
3125	1
3174	1
3223	1
3231	1
3260	0.999998
3266	0.999998
3272	1
3280	1
3305	0.999999
3327	1
3353	0.999999
3376	1
3402	1
3425	1
3445	1
3469	0.999999
3494	1
3518	0.999999
3540	1
3567	0.999999
3588	1.00007
3614	1
3637	1.00007
3642	1
3645	1
3663	1
3686	1.00007
3691	1.00001
3695	1
3712	1
3734	1.00008
3740	1.00006
3747	0.999999
3764	0.999999
3782	1.00008
3789	1.00006
3796	1
3813	0.999999
3830	1.00008
3838	1.00006
3844	0.999998
3862	0.999999
3879	1.00007
3887	1.00006
3890	0.999996
3911	0.999999
3928	1.00007
3960	1
3978	1.00007
4009	1
4027	1.00006
4055	1
4076	1.00001
4103	1.00001
4124	1
4152	1
4173	1
4197	0.999995
4221	1
4245	0.999996
4270	1
4293	0.999996
4319	1
4341	0.999994
4355	1
4360	1
4368	1
4390	0.999997
4403	1
4409	1
4417	1
4439	0.999999
4448	1
4460	1
4467	1
4490	1.00001
4497	1
4509	1
4517	1
4539	1
4545	1
4566	1
4587	1
4594	1
4617	1
4636	1
4644	1
4668	1
4685	1
4693	1
4717	1
4734	1
4742	1
4766	1
4784	1
4790	1
4815	0.999999
4834	1
4836	0.999999
4864	0.999998
4913	0.999999
5002	1
5003	1
5004	1
5005	1
5006	1
5007	1
5008	1
5009	1
5010	1
5024	1
5093	1
5094	1
5095	1
5096	1
5099	1
5100	1
5101	1
5111	1
5112	1
5163	1
5164	1
5165	1
5216	1
5217	1.00002
5225	1
5226	1
5247	1
5248	1
5268	1
5269	1
5288	1
5289	1
5290	1
5291	1
5292	1
5293	1
5294	1
5320	1
5327	1
5350	1
5371	1
5372	1
5373	1
5374	1
5375	1
5395	1
5446	1
5476	1
5477	1
5497	1
5498	1
5499	1
5646	1
5647	1
5648	1
5649	1
5650	1
5676	1
5677	0.999999
5678	0.999999
5679	0.999999
5680	0.999999
5681	0.999998
5722	0.999999
5723	0.999999
5724	1
5725	1
5732	0.999997
5733	0.999996
5734	0.999996
5735	0.999996
5736	0.999996
5737	0.999997
5744	1
5745	1
5771	0.999999
5865	1
5866	1
5867	1
5868	0.999999
5869	1
5870	1
5889	0.999999
5890	1
5891	1
5892	1
5893	1
5962	1
5963	1
5964	1
6011	1.00007
6037	1
6038	0.999999
6066	1
6067	1
6068	1
6119	1
6160	1.00008
6170	1
6171	1
6172	1
6187	0.999999
6188	0.999999
6189	0.999999
6209	1.00008
6258	1.00008
6272	0.999998
6319	0.999996
6320	0.999999
6321	1
6366	0.999999
6367	0.999998
6368	0.999997
6408	1.00007
6487	1
6488	1
6489	1
6536	1
6558	1
6632	1
6633	1
6634	1
6635	1
6657	1
6681	0.999995
6730	0.999996
6779	0.999996
6793	1
6794	1
6795	1
6796	1
6797	1
6842	1
6888	1
6889	1
6890	1
6891	1
6898	1
6899	1
6907	1
6929	1
6930	1
6958	1
6987	1
7000	1
7030	1
7059	1
7060	1
7087	1
7111	1
7112	1
7230	1
7237	1
7281	1
7284	0.999999
7285	0.999999
7286	1
7332	1
7333	0.999999
